qrcode_1:
  value:  00020126330014BR.GOV.BCB.PIX011170326165690520400005303986540510.005802BR5911Builders 016002SP62150511PAGAMENTO0163044312
qrcode_2:
  value: 00020126330014BR.GOV.BCB.PIX011170326165690520400005303986540520.005802BR5911Builders 016002SP62150511PAGAMENTO0163044312
qrcode_3:
  value: 00020126330014BR.GOV.BCB.PIX011170326165690520400005303986540550.005802BR5911Builders 016002SP62150511PAGAMENTO0163044312
qrcode:4:
  value: 00020126330014BR.GOV.BCB.PIX011170326165690520400005303986540550.005802BR5911Builders 016002SP62150512PAGAMENTO0163044312